Y : [47]
Z : [49]
W : [45]
X : [46]
S1 : [40, 41]
S2 : [39, 42]
T2 : [43]
T1 : [38]
U2 : [44]
U1 : [37]
V : [36, 16]
A: [27, 28, 34, 35]
B: [22, 33]
C: [15, 32]
D: [17, 23, 30, 31]
E: [19, 25, 26, 100, 101, 102]
F: [18, 21, 103]
G: [13, 14, 104]
H: [20, 24, 105, 106]
I: [9, 29]
J: [10, 107, 108]
K: [6, 12, 109]
L: [8, 11, 110]
LSB    : [112,4,5,7, 115,3,1,111, 114,113,2, 138,0]
SB_RMP : [23,30,15,22,27,28,106,105,104,103,102,101,24,14,21,25,26,20,13,18,19,100,11,12,10,29,8,6,107,9,110,109,108,139]
SB_RMP_west_shoal : [23,30,106,105,24,20,11,8,110,139]
SB_RMP_channel : [15,104,14,13,12,6,109]
SB_RMP_east_shoal : [22,27,28,103,102,101,21,25,26,18,19,100,10,29,107,9,108]
SB_WB  : [46,45,140,44,43,42,41,16,36,37,38,39,40,17,31,32,33,34,35,23,30,15,22,27,28,106,105,104,103,102,101,24,14,21,25,26,20,13,18,19,100,11,12,10,29,8,6,107,9,110,109,108,139]
SB_WB_west_shoal : [16,36,17,31,23,30,106,105,24,20,11,8,110,139]
SB_WB_channel : [46,44,37,32,15,104,14,13,12,6,109]
SB_WB_east_shoal : [45,140,43,42,41,38,39,40,33,34,35,22,27,28,103,102,101,21,25,26,18,19,100,10,29,107,9,108]
SB_RMP+5kmN_west_shoal : [17,31,23,30,106,105,24,20,11,8,110,139]
SB_RMP+5kmN_channel : [32,15,104,14,13,12,6,109]
SB_RMP+5kmN_east_shoal : [33,34,35,22,27,28,103,102,101,21,25,26,18,19,100,10,29,107,9,108]
SB_RMP-5kmS_west_shoal : [106,105,24,20,11,8,110,139]
SB_RMP-5kmS_channel : [104,14,13,12,6,109]
SB_RMP-5kmS_east_shoal : [103,102,101,21,25,26,18,19,100,10,29,107,9,108]
Whole_Bay : [  0,   1,   2,   3,   4,   5,   6,   7,   8,   9,  10,  11,  12, 13,  14,  15,  16,  17,  18,  19,  20,  21,  22,  23,  24,  25, 26,  27,  28,  29,  30,  31,  32,  33,  34,  35,  36,  37,  38, 39,  40,  41,  42,  43,  44,  45,  46,  47,  48,  49,  50,  51, 52,  53,  54,  55,  56,  57,  58,  59,  60,  61,  62,  63,  64, 65,  66,  67,  68,  69,  70,  71,  72,  73,  74,  75,  76,  78, 79,  80,  81,  82,  83,  84,  85,  86,  87,  88,  89,  90,  91, 92,  93,  94,  95,  96,  97,  98,  99, 100, 101, 102, 103, 104, 105, 106, 107, 108, 109, 110, 111, 112, 113, 114, 115, 134, 136, 137, 138, 139, 140]
Central_Bay_RMP : [17,31,32,33,34,35, 16,36,37,38,39,40, 44,43,42,41,140, 46,45, 49,47,48, 94,96,97,98,86,51,50,95,85,90,93,87,88,91,52,89,92,53,56,99]
Suisun_Bay : [71,72,73,74,75,78,84,81,75,79,80,82,83,136]
Carquinez : [69,70]
San_Pablo_Bay : [62,63,64,65,66,55,54,61,59,60,134,58,67,57,68,137]
